% Created by PERFECT Benchmark Suite
% name: output
% type: matrix
% rows: 6
% columns: 6
 4.811314e+14 -7.907386e+13 2.023166e+14 -2.805054e+13 1.236002e+12 -1.715417e+11
 -7.907386e+13 8.251717e+14 -2.805054e+13 3.347937e+14 -1.715417e+11 2.10027e+12
 2.023166e+14 -2.805054e+13 1.944079e+14 -1.87207e+13 6.732787e+11 -4.353701e+10
 -2.805054e+13 3.347937e+14 -1.87207e+13 3.419775e+14 -4.353701e+10 1.210418e+12
 1.236002e+12 -1.715417e+11 6.732787e+11 -4.353701e+10 4.196808e+09 -2.559282e+08
 -1.715417e+11 2.10027e+12 -4.353701e+10 1.210418e+12 -2.559282e+08 7.244083e+09
