# Created by PERFECT 1D-FFT Benchmark
# name: input
# type: complex matrix
# rows: 1
# columns: 256
 (0.24257829785347, 0.0134695749729872) (0.383138835430145, 0.414652705192566) (0.0677689760923386, 0.993126928806305) (0.484308034181595, 0.765337765216827) (0.0318338163197041, 0.0309354811906815) (0.932640433311462, 0.887879550457001) (0.591329753398895, 0.478778690099716) (0.833354353904724, 0.186335191130638) (0.735652685165405, 0.115053169429302) (0.698658645153046, 0.355604112148285) (0.638300001621246, 0.908210515975952) (0.294000416994095, 0.26497158408165) (0.377494007349014, 0.541620135307312) (0.00928181502968073, 0.99946528673172) (0.0129019152373075, 0.8424973487854) (0.852470219135284, 0.467010974884033) (0.0536072328686714, 0.976747572422028) (0.196754738688469, 0.856972932815552) (0.144213765859604, 0.800662159919739) (0.729397594928741, 0.98579066991806) (0.183405712246895, 0.499760210514069) (0.469862014055252, 0.970991313457489) (0.450770258903503, 0.0957918763160706) (0.974081635475159, 0.390235066413879) (0.680670380592346, 0.0266693197190762) (0.231241077184677, 0.468739092350006) (0.0979600995779037, 0.41541001200676) (0.796294212341309, 0.316402614116669) (0.778534471988678, 0.828493297100067) (0.487140417098999, 0.369048774242401) (0.60284548997879, 0.0242643617093563) (0.811111807823181, 0.355792582035065) (0.806109070777893, 0.27487713098526) (0.859817385673523, 0.951019048690796) (0.777276158332825, 0.680837452411652) (0.835185408592224, 0.961129605770111) (0.705424726009369, 0.073751226067543) (0.536857068538666, 0.957185566425323) (0.418065011501312, 0.41877681016922) (0.38161700963974, 0.836927473545074) (0.24006225168705, 0.726211190223694) (0.431612819433212, 0.116690896451473) (0.223913222551346, 0.309587955474854) (0.244801387190819, 0.377033829689026) (0.807539403438568, 0.314736425876617) (0.775229573249817, 0.283334106206894) (0.996348738670349, 0.632867336273193) (0.600910902023315, 0.509480237960815) (0.834128618240356, 0.199442848563194) (0.0359808430075645, 0.730005204677582) (0.19791117310524, 0.293197512626648) (0.770346581935883, 0.214750349521637) (0.309220016002655, 0.0606626756489277) (0.557590126991272, 0.416916519403458) (0.115944877266884, 0.685545325279236) (0.959950804710388, 0.893088340759277) (0.136133626103401, 0.997800171375275) (0.027973348274827, 0.14806467294693) (0.522975027561188, 0.641339242458344) (0.989146053791046, 0.578132927417755) (0.680530428886414, 0.674978375434875) (0.362046450376511, 0.914709985256195) (0.530369341373444, 0.917610704898834) (0.283108770847321, 0.20898862183094) (0.471815705299377, 0.80657833814621) (0.161689430475235, 0.514298379421234) (0.813117384910583, 0.0641684755682945) (0.479624152183533, 0.0433095097541809) (0.902915120124817, 0.294501453638077) (0.68573009967804, 0.066033273935318) (0.821219921112061, 0.242774456739426) (0.310257196426392, 0.492554068565369) (0.356179445981979, 0.307990550994873) (0.396981656551361, 0.0709160789847374) (0.886516571044922, 0.684032142162323) (0.528226494789124, 0.902819454669952) (0.686503410339355, 0.0633160099387169) (0.152140408754349, 0.0237650349736214) (0.418942987918854, 0.174793407320976) (0.752751231193542, 0.490316390991211) (0.747743725776672, 0.329274564981461) (0.117577090859413, 0.11812786012888) (0.374985247850418, 0.376969635486603) (0.728744864463806, 0.0144809912890196) (0.382012873888016, 0.490499645471573) (0.827576577663422, 0.0796646624803543) (0.923967301845551, 0.118042379617691) (0.938251674175262, 0.195973470807076) (0.726117551326752, 0.857863008975983) (0.103637702763081, 0.838910281658173) (0.565110385417938, 0.8104008436203) (0.406969428062439, 0.934977173805237) (0.160874396562576, 0.816054701805115) (0.431739628314972, 0.248100817203522) (0.830522775650024, 0.596218585968018) (0.645779013633728, 0.608168959617615) (0.495466440916061, 0.30438244342804) (0.755627334117889, 0.828610420227051) (0.45555055141449, 0.438144654035568) (0.897430777549744, 0.118944428861141) (0.0989933237433434, 0.780745983123779) (0.997533142566681, 0.539816677570343) (0.698849380016327, 0.561277151107788) (0.384785652160645, 0.0925762727856636) (0.929386138916016, 0.192648380994797) (0.841254770755768, 0.969376981258392) (0.31844636797905, 0.127999544143677) (0.28838637471199, 0.909935116767883) (0.279052883386612, 0.0418132618069649) (0.755507171154022, 0.809000194072723) (0.866244614124298, 0.973541617393494) (0.313587665557861, 0.467795729637146) (0.2430429905653, 0.823442578315735) (0.599615871906281, 0.743697702884674) (0.327666044235229, 0.0831767171621323) (0.951140761375427, 0.823081254959106) (0.527120292186737, 0.310801863670349) (0.646964251995087, 0.528517067432404) (0.786098182201385, 0.952490925788879) (0.515310227870941, 0.819254279136658) (0.207082837820053, 0.441170781850815) (0.757169663906097, 0.75057065486908) (0.841330945491791, 0.249551832675934) (0.217528522014618, 0.00176163297146559) (0.607765376567841, 0.712493062019348) (0.871078968048096, 0.223776698112488) (0.0149747543036938, 0.680695712566376) (0.452619463205338, 0.175360769033432) (0.288399547338486, 0.131390035152435) (0.272306174039841, 0.650010108947754) (0.719640076160431, 0.990750014781952) (0.535380959510803, 0.148001998662949) (0.469616174697876, 0.838895320892334) (0.313226521015167, 0.398227244615555) (0.00527989119291306, 0.739131331443787) (0.580105543136597, 0.833601951599121) (0.34781140089035, 0.666053116321564) (0.354997336864471, 0.440055638551712) (0.0149170970544219, 0.711650311946869) (0.706767141819, 0.635577201843262) (0.146365061402321, 0.957588136196136) (0.183773413300514, 0.679719626903534) (0.0481268726289272, 0.868372142314911) (0.730391383171082, 0.687771379947662) (0.373259454965591, 0.371670365333557) (0.663645207881927, 0.88549929857254) (0.586741507053375, 0.364693641662598) (0.406085222959518, 0.0745567679405212) (0.0756463184952736, 0.387667715549469) (0.531298279762268, 0.530090391635895) (0.2290128916502, 0.0196013189852238) (0.439383983612061, 0.726733386516571) (0.20829114317894, 0.749221563339233) (0.166750475764275, 0.575130105018616) (0.211249098181725, 0.463602632284164) (0.769233107566833, 0.500985741615295) (0.0678484812378883, 0.32947164773941) (0.430095702409744, 0.618497252464294) (0.0832096114754677, 0.503956377506256) (0.994746804237366, 0.709053516387939) (0.0628702789545059, 0.660778880119324) (0.710643351078033, 0.782564520835876) (0.561766922473907, 0.616936504840851) (0.851959109306335, 0.876326322555542) (0.416611790657043, 0.994392335414886) (0.751597762107849, 0.103922337293625) (0.622708082199097, 0.854272782802582) (0.763144671916962, 0.17225643992424) (0.113940194249153, 0.992884755134583) (0.414314270019531, 0.380142956972122) (0.0625007972121239, 0.450930535793304) (0.789565563201904, 0.228458225727081) (0.697292029857635, 0.386877357959747) (0.247648686170578, 0.231501713395119) (0.849283218383789, 0.902588427066803) (0.803927719593048, 0.613533854484558) (0.663457989692688, 0.738469243049622) (0.452902436256409, 0.931007087230682) (0.436138033866882, 0.171789914369583) (0.27306866645813, 0.465220183134079) (0.955457210540771, 0.369525045156479) (0.607397675514221, 0.533230185508728) (0.999677240848541, 0.575269520282745) (0.555215358734131, 0.505000352859497) (0.540809214115143, 0.380896329879761) (0.724384486675262, 0.729940176010132) (0.104473479092121, 0.885740458965302) (0.639572024345398, 0.287519067525864) (0.332946687936783, 0.834822416305542) (0.860169529914856, 0.869593441486359) (0.256492644548416, 0.871667623519897) (0.117700539529324, 0.192914009094238) (0.305697560310364, 0.859094202518463) (0.796018004417419, 0.67465341091156) (0.900226831436157, 0.112347342073917) (0.221747815608978, 0.915444731712341) (0.880066990852356, 0.285789102315903) (0.257319629192352, 0.771158576011658) (0.861762583255768, 0.64423656463623) (0.684291243553162, 0.88292795419693) (0.36967134475708, 0.0662472695112228) (0.417820066213608, 0.301777869462967) (0.980466604232788, 