# Created by PERFECT 1D-FFT Benchmark
# name: output
# type: complex matrix
# rows: 1
# columns: 256
 (129.443756103516, 134.004287719727) (-6.54700136184692, -4.45470523834229) (-1.99950361251831, 4.94830799102783) (8.45401477813721, -9.58585262298584) (0.511728644371033, 5.03059005737305) (1.98743581771851, 5.88979625701904) (8.22967910766602, 4.83226108551025) (-0.558784902095795, 0.6843101978302) (-0.530446350574493, 1.98455512523651) (-0.0435075163841248, -1.88916277885437) (3.67524075508118, -10.7575597763062) (-5.93557453155518, -1.89415717124939) (-6.05542659759521, -6.5226936340332) (-6.87134313583374, -0.348332643508911) (-0.156408369541168, 9.98203468322754) (3.06030559539795, 4.26164579391479) (-2.50703191757202, -1.45420789718628) (1.64447820186615, 7.30071258544922) (7.31605386734009, -3.56703400611877) (-2.14216589927673, 2.45921421051025) (-6.26725912094116, 10.5008039474487) (1.70495569705963, 9.53775119781494) (2.24807596206665, 9.14505004882812) (-6.55081510543823, 2.84897971153259) (1.29194009304047, -7.78079795837402) (-3.02487182617188, -0.514703512191772) (-0.122441709041595, 6.58293724060059) (-2.25128936767578, -1.5059666633606) (-2.35289335250854, 5.9109354019165) (5.26784610748291, 7.18239498138428) (2.14828681945801, -5.6061897277832) (-0.414011478424072, -1.4895441532135) (-3.07660794258118, 8.03341293334961) (2.90442752838135, -0.680696249008179) (2.95445466041565, -1.3288666009903) (2.55562543869019, 0.652380228042603) (-14.6071643829346, -10.0634355545044) (-2.91923832893372, 4.95338296890259) (1.05352377891541, 1.5237922668457) (-0.0454143285751343, -1.26903510093689) (-3.0873498916626, -9.62137889862061) (2.2817211151123, 1.16775786876678) (1.81195402145386, 0.44349479675293) (-4.22294521331787, 0.98677521944046) (-0.604602098464966, 1.36825942993164) (-5.44021034240723, -5.68558216094971) (3.3443021774292, -1.50088357925415) (2.41625809669495, 0.468545913696289) (6.32845067977905, 1.23893690109253) (3.45645666122437, 1.98135471343994) (-10.0771369934082, -4.58155250549316) (-2.42839670181274, 5.17186641693115) (5.04039001464844, -3.95831608772278) (1.4981746673584, 2.00733327865601) (0.204810738563538, 4.42234325408936) (-4.46046304702759, 6.73837327957153) (0.810779094696045, -6.18662548065186) (1.32137751579285, -13.3258628845215) (-1.66928577423096, 0.982874870300293) (-1.23538506031036, -4.20169401168823) (-3.65149903297424, -4.98300647735596) (1.29538440704346, 6.96183776855469) (-6.23696708679199, -0.579480171203613) (-3.42786979675293, -5.28353309631348) (1.24173760414124, -0.641300201416016) (6.08816766738892, -2.17970991134644) (7.6482400894165, -7.08830118179321) (-8.88938236236572, -2.54431390762329) (3.02655339241028, -8.02496910095215) (-0.145137786865234, -6.27300310134888) (1.31052100658417, -8.63346385955811) (0.784678757190704, -2.03216528892517) (-6.17694091796875, 2.69896602630615) (-7.25049304962158, 5.88324451446533) (-1.26592683792114, -6.5950026512146) (-6.91197490692139, -4.61196708679199) (4.10311317443848, -1.49647319316864) (-7.30212640762329, -2.51081871986389) (-4.6500358581543, -3.53265309333801) (1.86191034317017, 0.530740320682526) (7.00393581390381, -0.863723754882812) (-1.65432178974152, -0.912691295146942) (0.292268455028534, 3.64966201782227) (3.06856822967529, 4.77152633666992) (5.7781229019165, 6.32755661010742) (5.15145492553711, -1.40762209892273) (-4.96797704696655, 0.609533548355103) (-0.831693589687347, -1.66572821140289) (-4.10049533843994, -1.39831829071045) (-6.79908180236816, -4.12324237823486) (-1.93269777297974, -2.63030791282654) (-0.13831239938736, -1.14321756362915) (-2.00749516487122, -6.54739475250244) (10.1112976074219, 1.57333302497864) (3.99540996551514, -1.14011871814728) (-7.09119606018066, 13.5988292694092) (-1.21703910827637, 4.85588026046753) (-8.71113967895508, 1.81504082679749) (-0.901423215866089, 1.42428624629974) (-0.532084941864014, -2.65777802467346) (-1.11978650093079, 10.8692693710327) (2.55946779251099, 1.82051563262939) (-7.2613697052002, -4.8745002746582) (3.6379222869873, -3.73645687103271) (1.24813008308411, -1.98106491565704) (1.42827773094177, 1.71558272838593) (0.600003480911255, -4.8525652885437) (-0.838465690612793, -9.11502075195312) (3.80220794677734, -1.61442589759827) (-3.99164581298828, -2.09316182136536) (-0.957376003265381, 6.93033027648926) (10.0608997344971, -0.593194484710693) (4.10479927062988, -2.7751407623291) (-1.53708207607269, -3.00142979621887) (-5.15987539291382, -8.32403373718262) (-3.56990242004395, -4.30519390106201) (4.41042232513428, 6.61735439300537) (-5.63822078704834, -4.93295240402222) (-0.000372529029846191, -12.8009347915649) (3.5245840549469, 1.60794639587402) (-0.861849069595337, 6.26531982421875) (3.24902629852295, -7.25688457489014) (-5.05148792266846, 1.33768224716187) (-7.08317041397095, -9.37505149841309) (6.03301239013672, -0.840678453445435) (6.26003456115723, 1.23308777809143) (-5.47082328796387, -8.73215198516846) (6.87265872955322, -2.81830430030823) (-5.75203704833984, -1.44088745117188) (5.11821413040161, -4.60561084747314) (-7.00902223587036, 7.13285732269287) (-6.66565036773682, 4.75677490234375) (3.86414337158203, 4.54857635498047) (-1.79799747467041, -2.98588466644287) (7.27493906021118, 8.24489498138428) (2.45093464851379, -3.97218680381775) (-0.347863167524338, 1.70970571041107) (-1.78787136077881, -3.31978726387024) (1.51520037651062, 2.37611961364746) (-1.92265677452087, 4.59012126922607) (-2.09669494628906, -1.88695597648621) (-1.82702970504761, -3.3795964717865) (0.185536682605743, 3.94656610488892) (-13.771653175354, 6.01652383804321) (-9.68822860717773, -0.186576187610626) (-0.599773049354553, -2.60505414009094) (-7.14825582504272, 3.78620219230652) (4.06307601928711, 2.57682704925537) (1.59769535064697, -0.668164253234863) (5.46324157714844, -0.723679542541504) (5.51027297973633, -2.45175981521606) (2.63345766067505, 4.26914596557617) (-0.506488442420959, -4.40689277648926) (0.198648810386658, 7.39286327362061) (1.23325276374817, -0.622408628463745) (-0.0438977479934692, -1.69253587722778) (5.50334596633911, 4.44153118133545) (-2.34292316436768, 1.85669159889221) (0.766272187232971, -1.89837515354156) (2.15650320053101, 7.99294376373291) (-2.11246371269226, -2.28995323181152) (5.76119327545166, -0.359878778457642) (2.97942805290222, -1.25459945201874) (2.36888647079468, 8.02769565582275) (-7.9218692779541, -7.57009220123291) (4.71749496459961, 4.04073476791382) (1.14464068412781, -7.82181644439697) (3.49318027496338, 5.74696350097656) (4.09419918060303, 1.71201062202454) (-3.93627643585205, 4.03634548187256) (7.27037668228149, -9.51959609985352) (-3.1408257484436, -0.569619953632355) (3.22667074203491, 2.76563930511475) (-5.81804752349854, 3.41406536102295) (4.13584899902344, -6.09014892578125) (8.22932720184326, 2.80539846420288) (-3.8123631477356, -2.98861789703369) (-0.559761643409729, 3.631028175354) (2.11996698379517, 2.37700748443604) (-0.143717408180237, -2.78814649581909) (-3.54133224487305, 9.08657169342041) (-2.95563793182373, 1.93222332000732) (-0.0685563087463379, -1.93915963172913) (-3.95713472366333, -8.87996673583984) (-4.98285913467407, 1.91796565055847) (-0.678579568862915, 0.207421779632568) (5.67872524261475, -6.83496856689453) (-1.81633031368256, -2.55026292800903) (0.527311086654663, -2.48148989677429) (-6.05322742462158, -8.33943271636963) (0.449360370635986, -3.6942458152771) (6.55173587799072, -6.27217197418213) (-2.52585625648499, -11.5524826049805) (2.25128030776978, -6.26337289810181) (-3.9276430606842, -2.85016584396362) (1.79109644889832, 4.20461559295654) (-4.02764511108398, -1.15832757949829) (-6.63351821899414, 1.79650068283081) (-0.219599604606628, -2.2254056930542) (0.659375965595245, 2.03144860267639) (-2.23284721374512, -0.854527711868286) (5.13361549377441, -0.577791452407837) (1.69086956977844, -5.36969709396362) (3.00500679016113, 0.658992528915405) (-2.98412895202637, 2.7174973487854) (8.55049228668213, -0.229809522628784) 